1 2
1 3
1 4
2 428
2 435
2 436
2 437
2 438
3 432
3 458
3 459
3 460
4 478
5 6
5 7
5 8
5 9
10 11
12 13
14 15
15 115
15 119
15 125
15 171
15 173
15 174
15 175
16 17
16 18
17 32
17 33
17 34
17 35
18 47
19 20
20 21
20 22
22 23
22 24
22 25
22 26
22 27
23 28
24 131
24 132
25 106
26 28
26 67
26 131
26 198
26 205
26 226
27 31
28 61
29 30
29 31
30 59
30 60
30 99
30 177
30 178
30 179
31 67
33 36
33 37
33 38
33 39
35 96
35 167
38 44
38 68
39 117
40 41
40 42
41 43
41 44
42 190
43 45
45 163
45 245
45 255
46 47
46 48
47 111
48 65
49 50
50 110
50 127
51 52
52 55
52 153
52 168
53 54
53 55
54 116
55 127
55 168
55 218
56 57
56 58
57 93
57 95
57 128
58 222
59 60
59 61
59 62
60 61
61 71
61 226
63 64
63 65
64 231
66 67
67 94
67 126
67 154
67 166
67 184
67 185
69 70
69 71
70 71
70 107
70 177
70 210
71 84
71 189
71 196
71 226
72 73
72 74
73 130
74 77
74 193
75 76
75 77
76 130
77 177
77 235
78 79
79 80
79 81
80 82
80 83
80 84
80 85
81 91
82 86
82 87
82 88
82 89
82 90
83 134
83 137
83 139
83 142
83 143
83 144
84 85
89 101
89 102
89 103
89 105
90 130
90 192
90 236
91 92
92 227
93 94
93 95
93 96
93 97
94 98
96 263
97 211
98 228
99 100
100 160
100 237
100 239
103 104
104 163
104 194
104 248
104 249
104 250
104 251
105 159
105 179
106 107
106 108
107 188
108 196
109 110
110 127
110 169
111 191
111 211
112 113
112 114
112 115
113 183
113 200
113 201
114 121
114 124
114 183
116 150
117 118
118 161
119 120
120 174
121 122
121 123
121 124
121 125
122 125
123 125
125 250
125 255
126 127
127 165
127 219
128 129
129 130
130 192
130 212
130 234
133 134
134 135
134 136
134 140
134 141
138 139
139 145
142 194
145 197
145 198
145 199
146 147
146 148
147 155
147 157
148 223
148 264
149 150
149 151
149 152
150 153
151 152
151 202
152 259
153 176
155 156
155 157
155 158
156 159
156 160
158 242
159 240
159 241
160 228
161 162
162 163
163 164
164 251
165 166
167 262
167 265
169 170
170 227
171 172
174 244
175 201
176 260
179 180
180 198
180 202
180 213
180 214
180 215
180 216
180 217
181 182
181 183
182 200
184 186
185 221
186 187
188 256
188 257
188 258
190 191
190 192
191 231
192 211
192 222
192 232
192 233
193 220
194 195
197 198
197 206
197 207
197 208
198 247
199 208
200 236
202 203
204 205
209 210
211 212
220 221
221 268
223 224
223 225
224 243
225 240
225 266
226 227
226 228
226 229
227 230
230 267
232 235
237 238
241 242
241 243
242 252
242 253
244 245
244 246
245 247
252 261
253 266
254 255
259 260
261 262
269 270
269 271
269 272
270 310
270 311
270 315
270 316
270 317
271 377
271 399
273 274
273 275
273 276
274 277
274 278
274 279
275 410
276 393
276 421
277 279
277 322
277 323
277 330
277 388
277 396
278 405
278 406
279 315
279 377
280 281
280 282
281 283
281 284
281 285
281 286
281 287
282 334
282 363
282 411
283 287
283 306
283 319
283 322
283 369
283 372
283 373
286 373
288 289
288 290
289 290
289 365
289 386
290 393
290 398
290 410
291 292
291 293
292 298
292 367
292 412
293 354
293 423
294 295
295 296
295 301
296 297
296 298
296 299
296 300
297 309
297 325
297 326
297 327
297 328
298 323
298 367
298 381
298 386
299 300
300 367
300 424
301 321
301 407
302 303
303 304
304 305
304 306
304 307
304 308
304 309
305 306
305 307
305 308
305 309
305 368
306 308
306 330
306 390
307 308
308 368
308 369
308 370
308 371
309 328
310 311
310 312
310 313
310 314
312 314
312 316
312 401
313 314
315 318
319 320
319 321
320 322
320 323
322 330
322 374
323 329
323 354
324 325
326 327
326 331
329 330
329 331
331 341
331 342
332 333
332 334
332 335
332 336
332 337
333 338
333 339
333 340
335 336
335 350
335 418
338 341
338 342
339 350
340 346
340 347
340 411
343 344
343 345
344 401
344 402
346 347
348 349
349 384
349 385
349 391
351 352
352 353
352 354
353 415
354 356
354 380
355 356
356 357
356 358
356 360
356 361
356 362
358 359
362 380
362 403
363 364
365 366
366 396
366 397
368 369
368 370
368 371
369 370
369 371
370 371
370 373
371 387
375 376
376 377
376 378
377 413
379 380
382 383
383 384
384 385
385 408
385 415
388 389
392 393
392 394
392 395
393 410
393 419
393 420
396 398
397 404
399 400
407 422
408 409
411 416
411 417
413 414
425 426
425 427
425 428
425 429
425 430
425 431
426 432
426 433
426 434
427 437
429 430
430 489
431 485
432 434
432 454
432 455
433 434
433 452
433 465
439 440
440 449
440 492
440 496
441 442
441 443
442 478
443 467
444 445
445 446
445 447
445 448
445 449
446 450
446 451
446 452
446 453
447 456
447 457
448 475
450 453
450 468
450 469
450 470
450 471
450 472
451 474
452 486
454 461
454 462
454 463
454 464
454 465
454 466
454 467
457 474
457 476
458 479
458 498
465 467
465 498
470 480
470 481
472 499
473 474
474 475
474 476
477 478
478 479
482 483
482 484
485 486
485 487
485 488
485 489
485 490
485 491
490 496
491 495
492 493
492 494
492 495
492 496
497 498
